photo_35_2024-01-23_19-44-14.jpg:1088.3620184030444
photo_34_2024-01-23_19-44-14.jpg:1077.8666620747947
photo_22_2024-01-23_19-44-14.jpg:1074.9615268582502
photo_27_2024-01-23_19-44-14.jpg:1046.0832160074167
photo_38_2024-01-23_19-44-14.jpg:1044.430973718863
photo_28_2024-01-23_19-44-14.jpg:1033.7572308028773
photo_30_2024-01-23_19-44-14.jpg:1016.5498036428638
photo_11_2024-01-23_19-44-14.jpg:1007.5912685910091
photo_25_2024-01-23_19-44-14.jpg:1005.8666463013074
photo_5_2024-01-23_19-44-14.jpg:1004.7318974147332
photo_17_2024-01-23_19-44-14.jpg:998.7354866415537
photo_14_2024-01-23_19-44-14.jpg:996.7840454275167
photo_8_2024-01-23_19-44-14.jpg:961.5367161797494
photo_56_2024-01-23_19-44-14.jpg:935.2790293621787
photo_37_2024-01-23_19-44-14.jpg:929.8041200071201
photo_50_2024-01-23_19-44-14.jpg:922.6058532948658
photo_40_2024-01-23_19-44-14.jpg:908.4059765986685
photo_31_2024-01-23_19-44-14.jpg:851.3254850796367
